$ANSIBLE_VAULT;1.1;AES256
30333462353639373237643264326465353031613162323133383433316137363635616162376661
3635396163316635316565353863633033343363653039300a333163393762633635623461626330
30333832316235633036373563353834393737326139363839366266373261383732326263333763
3465353738333162640a623038343830646166356533666163313532616562306162376463363935
39363162396336663564343438313837333231633934336430643735306566303235646461333630
61663937363332633039373564356461396561646364613536363266663731313462653333386362
35643231366436636437636161643937663764393862323262363333626433613630393935656530
35376362313036623331326361336566346233623134656236656232396164323331663933313835
30626333643762343230663834313437313939646632316435643930663936353635336161663536
63663063313836393532623735643937613630346263343462383037653437616263356461313562
35356363306433313538393034396136363662313639666263616432353166663864626261346164
30366562313961373231613766346165393635613862633438663066356366666436316436666464
37666134633634373666643033306166303834353331376432616639623037336365313635386439
62623838646334336265303333356331383236326664623066383534623363373936663934396637
38623263336332666530393262326435333338326339366562356463353865616563326334646662
36333434316561623230663164653439653466626436653461353233636130383339383839396337
63316132353539333766303739653237656633646665616137363135353335653431653461653039
36363739346666623263636266656532623531633330623463343734613764336531613638363234
37636634396264393363653130363838353862373063633635666433656232396465383533613662
38386338363262313963366438666663633861393162343234613264616565386662613964646166
37626462613636326466376137303734383137326137643064383366316534663564373366623637
36376537356632343433396362363632386338306266613434376166393030613337306335656538
33653237343764633139613966376332373761616465616464366332333332366466303835313862
65613730656632373162386531303736383839633866383638386137376233353263653338333332
65323834306362363735373965363731316132383262313034396265303939613065376364393966
39366663383432313839313832346361653231626436646132353961643066376231616339366638
32663835383663306261636336343564333266653939666634396362386436633762326132366534
32366632353738656537366132373330343935656536353961623030343335343531636238613337
32303565626430333632356364663031343131363435663737333734343237663835663839663435
63333162623666313734616132343032623736396266363961656631386137346438633034646334
63643639333535616264393035353137623965326230313438306566623632326331396332356265
31613037303038346462623232333935383665303532623638376233316238633761636235373635
33343134316432336266646361616564363333663763646166326432393162383235633265386663
63613261326566633937393433643334353963356439376162626661626632333439386164353062
35656261393334323866313764323938653165376637333364383262393432323339356563353164
33613233366165643831383733663630646361356163333463393432623466336564613734633061
64643035366133333237303565623532623932616362656234396232366464336536376130353635
64343865386363393062616134613562306432333836653664373966303032653666323363306534
38653138666265663134353062623534313864383932636437653433356130303634373237396332
64636635333733326562656533653930396365666265323864643438653132653533623931626138
62303237353637303962356235373830316564396262343362663334306632313334346331343233
30613736653039336435653232363438333038363034316139646162386362313238643934323835
38353030303933393036626332323062666539303633306235356638323363656131393865616635
66346239663335306333306532303562373837363736333938393534356165393337633861373733
39376237376237666539363635356339663832633062616638623862663739666365356237643261
37373734353234333464613131353839653535353836643737333762643130396533356364333535
65383934663333373133323233366462633935316533366137386531356235613639383433633632
66623665646537336430633532336438646332366437333539626464393961323962323437626361
30316331623339633935363833633038323266643336323532316265373931633638616665636331
63623333633362343235623064646336623463316438663266646338646666353664663063383230
33323466653135336230336466653163316563633463313735373730663030383131643738653738
62373931393735393435396535376166626563353166346237396135376466346665613334336335
32333130383130386332353263666232366633313662313038653964363534623563313161376235
66303066363762346638666466336662643362626232393738656663336662633334373661376566
30373439313133653137356264653832646337643438663461326537356264356165383933346462
36326538623765393635326334343539613137356365313838326533346434613833353533646139
63376266333765383234326461653136386231363838666434623164326362633566373666306266
35383566383630653136303865356632646263393930376135326263363239373466346439323534
34393561393366363663656462643664643439633862373035646138653330303563636236346238
65343037643264353332373232366137323838356331353432303933383763633239393939613165
35346334633166396439613732303463323835653861376630363534303330386230666164623964
61303564373531623931663265343330303837626435653362383365376134346565363565303835
34303266643039366566353866376338393830366263613334623132623464646535303064396531
39643863346338653533313163626137373032393361393461393135323338623165626432613431
34363563326635633833633363633966303238303438396331626439636531346536623135343564
65636662326564316234646532613337376134346466656466316134356130313436613936313934
32306562313835323338393664343461346630373139633664303239313036643364316438613763
62393431313137363739356566376564313031303831343439666434313637613931306662306132
32623762356535626636333331396238386533393064643639623535316561633635383665383832
63643462333364396436343532366666643065323366343636353465663262663666343262333332
33613930663665386363643465663034376537623461343966653933613338346438353964346634
37363533623339623437376339616337376163656336386564376134653235656131343736663661
39646662373336383939326131353863626231386361353762396339353438326335636134396337
33623563376132663462633264643961323533386366373664303433306266313866626463666535
62666130343961636136653432303634306635336637663164313434613066623861313335643836
35616337316138636462313737353738356233636139353935633739353335356234623365356130
63623634643137373332633235313763656165313838373431646633363930353135316130333538
61383062343163346336396436323238383263653365303434383165653534343030343334643833
33613734666534303562313834623230643765633532653033666264363230636231373037633836
35383432646565373462363635326339373331336261316261353731626236323136643266313632
63663863366538396462306430323930373866623334623433343436343237326464623462316661
65636237346236313938616462396365646436366230633265656561643932383064303631306637
31666264333161363636303162643466643830646431323132326332666563363831343330393562
33666261396633363362313434663839353731343237656639636438346636396662653733633337
61376362356236633566396561366664626532316235643763643933306635663435333435313932
66646364383735663161326334313537326164376435343237313135666364333038343931636364
62303831626330326264613463333165313137353434623637633964383131666631393163313031
30316435346365326433656465386635623232653231643263323465633961346436633332313562
63343862383338316538666265316339653637356462336439653862613437636235373035643462
39613637626238393532363531393463626132303430636532313138383632633465376134663139
31373163633139633135633239353839623238353936383033363631366364323263306436363661
62636565626431613164636432663865346234626335663738396434666131373336626265383731
37313564633939613863386433376138613361323336323963613535333564656235663264393730
39366433313064333234666664346365366536393263393432353562666132306636636535373131
64613538656634336565396239633566346336346531653962333566633735303265633530653864
62646535303535663038613735373262323762613562613666316433313437653334333164633232
66336165343631303837366266616461656539376637323732323365333433626565386666383334
32666233633936346361663735363932653735663234373436643037356666613938356331376237
32383231646437643233653161656332643265393938343863656438303062326361623536356233
64333066353965373637616231616166616463333539643938646332636231373533326430373538
34386238336634363863663161353733303665336236366638386539616439323939623065633733
35336438343131333033663938343462356431353366313863313031646364666337356635396162
36666166333866666365396566343839343835396137643430336566663761653935333535346138
30623639383737313434336131636233613437643438346630393339663432376136616661626138
66353664383462656135376661303962623038386336643331316465323361633361633838386332
39333464373434636261336632646365383237356538343965626238613763633233643632653166
32386164386166306336646231353134626366633630343362393765663031363133353566383231
38623936343065316161363863306338623831313066313630366532666264666464626636386330
61303037383434666534643430393361653262363265336432643030643435306661346339356130
38306538666431393035393061313337363864373532663034316565616431346232653534313536
36373036353733636663353264336132366331633162653137393638623539306330366539643437
63373963373933383064363634343262663434623763663533646332626532386536343562626465
61373766346363626231363538356638313566346537366266656332396438313562333766346530
65333730623338303138653963326666636363356464343766363936616231303765613633613733
37653564353064326639623137303566306263373464653263366664316336333632383464613238
66326162313932303238616664343364373538393464383735613632343839326337326666343930
32356132643632616434663037616163353866633138383866646435303962303437616239343064
64623130373731643864333835373830343731303866643738623365323233336135623335363439
32336666643262343265616230386362363464396537396663313961623463336530366538363438
32383633613839313439316433366132663737303038646436303838636631623064353666376465
31326163626237383232653935653465656362666434393738383464313538396430613161303032
39303830393963666464393438373833373433653533646136663739636432623032356538363365
62623439323065386434626330353335313738376639633465356566356136646636376338313330
39356665316633333539616261643233303739373361313263396665346339336633383435363138
38646562326361373632353638323937343065373238346134636464656162356239386261303331
32363864323133656363646166306662633963323262666137323436356537643632623466666438
33326430643631313563353964613633376137383130363037393065346436326439623966653436
38613136633636343836396165653831623838333830616361323236623637386635363364373563
63663934393934656561353136646137653363316361393564303932646534653233633837643537
30653164353332326566313464303032346431653631663565626538346662636231306635343632
64306130313033383431373933356237663666623432386466363735376435383230346539613638
36666136383662653265666265656538363762323032373938363733303338386236313164356465
61333330653933356663613931393066636263666434633463366461326362616536663339643733
37333733333262646136633239393732343632396235343338636562663266303264636133323539
39373866373263613434643962346235336636666264376562663137373639393831363732653266
30626535303735393866343134626237323635373765303562373136323138346231363233636366
66613961663163396164646463323661343030633233303238613133623831333262363733336238
35376463656664616664613231643839663965333561626665336339353165643834336230626636
63336439633634646233316435656563366563333565363333346632376536653164303838383631
39336637633430626138336234346136646461316564376431643864643039613537396435326466
36616636366164333634366362386565326238663163646262353336623635323434636434663363
36303133623334626338363637333733323066643532363331613463366136356666636662323832
66333639353662616237343262313436333938386538346330643033316439616665373264313864
63623137343936356161643861373463626333353364636138623162633539623634626261383137
31376164333262393634306361356531356365636434393064616339653366613838336632323239
31633338636238633334666465653437383166313964346237646165663163653634633631303066
38616435333966613834663861303862383031313662323930353037363635363761363931623561
64323738366261373264333166646534303432373038346163303838343736366166346663656261
37653830313135383666366537373562613630316362353434313765633739646435383437306239
31306665383236636635633537633636366130316431316532656563376334356634636165393435
37316635646539323837306561666430313164666633316138363533373765663165656165383365
39356633623032633861633431333238623131343935336535656537306530643662366136326135
33636636313936616266366164313239616664313466373930333630346630356639656133623263
30303239376231333330623338613966393564393563343638353231326666356365333266366334
37636235643133616632636461626264653464386230643861386236646637366562333438613361
62623737643361306535376265333732373137653962336535633036663332613463616336353535
61643332326639356533663137303861636433396564643232323338373431366438633836653563
39653963393038343061333265633330353138343032623138306530313939393336626333303132
33633461396530316134386537323266643838643037633864653936653065653037643638653035
64356463343732616235343933336638313538336236653037386262633738633962373739363532
61343661623562343534343938613935353164643732653138616336613632356630663635343038
38616139306130666535623638633039343965613165663036626363323832343738363434663735
35313763306664656631366236346234363432376134613836613165363939613634633963383061
63653565373839383032316565356439366163623965663731646262313032633532373762663237
62353865306263636230393162376332373466386534303766373231643935316636666465306139
37363631363637666233326430663139313037633131656365613066656139316531336263623530
36356531303031656533366665376361663366363466333032303463323438393663383937356536
64636166306363333332383839393763383464623034643536616430623866373063336437373434
38393338393065613833393232366535306236613461316234313664393663646363653864353765
32373132633365626662316439613830306563353937316134386265626535353362306633336166
31353234653133383636323935623364643136633561386131373761653332656437633132633737
62333164383765316363643637326330393231306236363236623461623736316238616534343464
62366461333063343733333862316566313532396466623132336237346137623133613166333864
33326531316266373436343865393364393132316461363033646438633163393463326530636363
34613565626439653837383336366361653332343735323133346132393433373738316332616638
63613930393138643065366431653233383164396562323831623036636334393634633761363062
38613938663733623339313864373734383336326435316334396637326439376334366262396238
39386664373232313333646663303233623430376161326433306531373634393035343037323035
39323965333865356564653933663135363366373566633636396338376439626137366164356636
62346133373236666365666234323766316361643963666531613335376136363139316562636533
66383630633239333164653063356232386565643266356536316361326130656330343136323131
33363531643136386134306136633964336330393436306132663130303137303533653734373332
36626635646162343561633732643233326162383864363233643533396163626666356433393734
61383538356337623165303230343536323737386135616232616637626465336339623663313837
36656137646130656437386263633732313731653031326564393864353431373132313663323965
66663634666433653538653162326132323864393665393737316638336665343366356263326266
63306234363833663832393038373466353830333732613932356362616465636530663661303561
61653463336131663431633337323030383964373435663366653465663537633535613866626136
33386366383232376261663232643033393132643037653134366538643562646665663334633637
39623235356137393135346366656362396562656139613762396438306536366636386131356339
39313136646435626165666362386562343332343965653834333236613930653262366530353233
35333933363739346435636239616139343763396533346636353631303131633034393339343536
38656266356266663430363330326365653662333663363832636235313866386130386237663561
66306634303666386234653437613363626362323163383238666365396134653561303866363934
61613435386439633730653836386265323233323437636537326365326534353630623631333634
33353239396333353536616232303266396662363665653066323032646634393561353063616539
65393664663964613862356166626366646230663764383332613164313166326237663165363166
65363934353937343765643865666630373035316563666330353532383234376132633762636366
38313362626262623836343361306363313566393932353764656563373961366465343233313439
34353132613138663530633762666665616438356236306332366466636238336165363862653738
38333262663039623237376161373265313361396462393734363861306566386232323239633635
62366631623434646163623662346338346165303637663332353265373135303538373737313263
63356666393430333164306233313461663730383864623236353930643832346236313564326530
64393963376566303236333039363433313663333630653131353736303462323863396439306339
62306233623261353364393338396437393534396535383361336464306635366235326134393463
36313033333130343762646631393863666535326431613461373331316139323431393234663538
35663465646136333536643365616266373366313032626362353435623839313936333837383038
63393836353835316638306136623336313734336638646635393466366461383335333031336133
31666164326535303630336562333861653038316134623762333338323135333134333935663837
66653965663236646631653730346436616663313865393364303737373433383932313039373738
66323365356534613039353561643935383966363036386433393266303463356665306631366363
33623265353661613633373164353732376535356665336133616366643238343931613330323737
36333632356234626134313331666561616461306531386531363464313464373966613965386238
35366130363838633139643039363938376533346261653436376264656133363939623535633365
34666238613061343933343536383563323233636539626234663862373938643961363831303933
35343939396632613136666335343034643364353137623764373035356631303730633937393066
33666632613739636162316439393532396535623864306239643433376563313866336137373663
33666235343865336232376634333839626164323938343465653261653935663133366365323433
35623763626265633532633264353061326530333961313663363564653036393266336536363930
65303462666364626536306362393062653036666264363838366565306561343239626262386330
32333837383037656466356434333937623137656332376163393538373134643331313461666135
36643632616465633833313336323364393737356463313331353137376230313637396233663664
63636430396330353837386130333731396335373938333938333035383931363462383161626236
30326633396631346530373862383762316332326563303164633331626130316539343064326165
31643830323062633138636230653664383063346661356663353663623366383134333030393831
30333361613033616365353030633334613162633538663163623730336336356337633965336435
37386430336234653236626337303030393966353365386635616632383231653263376131386431
61343436393839366139656563633364653062336361646533656637323965623061356337303937
37643966643063393235343233643137343035303635666466663062363032623632393336306166
65613661326163376639646136646637356564303736323631643765393062336435623962633630
63383030373530323863346661353938313537366637366339306462373166636639363764663961
30323632366533326434636566383633356133323663643536306639333562636539643334316364
66363564613263343430376132396433306437363563353236626463333631386163613334646266
61353331636161326262653834613234333438353638393436383539336437336662343437383732
36323430346537326439333064333165363637623439393136366434393530363364326530626661
62303139313766663764326136353137396635313061376163616165323061656131363065363232
36353938313162333762346134613266363465613730373466626133373361396530333432633939
66363163396537633433313331393566386662663339616366323138626531323362343833303234
36363164316433343062376236373030626631323730316265613331646131396437343861343038
66336333633036666461386263363565396235623939616439663032333431333966336538303737
37663666613932633735353530373133313662396161626461636533343331323333363762613038
31613164333836646338366665643431373232323963386166653465313831333435326530326661
37646133386166373164353562663065346334353837323865613261646535376638653631613365
62623634383837633065666461613436346633643231646162343365653438623464336637333863
30386538616235363261386662326531356533653835353331356565353662393138363863393135
30323566366365346661383035393938336434653363343532613532366536656238646431636233
31303965393737383431376431656631663335326132663130313066393737646665373832373935
31623233623861356461356332663938376632653736623135336637643934623761353738653564
33383339383638663262643464653462643235613937316437333261396264343738366266633931
39356137323365303338393131613333396537336236653230306666663465643531353434653830
39383462303365313065346137393532343037613034313839393339313531363233383132376561
61653437343366356632666537373932626363396639653931376466616634366136336265326366
62373063303335636665633464306331333563393032313861383231333965303635306233383438
65623633396663363063356132323538376361613164306261333532353530356666643061613561
35313036363766313037303933633935613563363838646238633461323762303964653932396666
62306532386166386134373939343933306236363633303435373264616332323362633232613865
66656632643864343135663335333333346566396163366536626235333066613737663738636531
63616431326361313935616566393062303665643265366662316433336338306262613134376331
61336234323661353162353431646238643638383137383630353864633635343463333930616431
62373361316639626631613261643238363565383133353938636166383066306137316633346535
30363861356164303233346538663431323264653363643635653363343532343262373164383935
66306532643533663863313833666431613234656164326563396133646538326138353532623366
62366539643535666233343132363362346465623061323364646364666236313761663732623032
64363733613236383366303138386635343362346132323365613631366164643735393533646231
64336336393765373965363438626334636163323637636338333132313335363432386437366130
37663934363631396331313336366137613035393463383234366262343239316362363833633138
39613761633661313831383263663365626638373733333762613337323230346237313365336363
36633462313331393936613237623235656434643533336633633831333233613938353762306363
36393036396566373132356234363034646131313032656565353561346237646130316331356435
33623561646266636434323136346632383934633838393962646564663066363930613935643237
31656239336135393162333430323237643531303330646465393364313762646132633264643034
31346361326630393330626138336630313039373765363334653730623361663730633765356532
36306136646534366334373239653336653135323763383164356537613866373739353065636632
64363736336162393862363237373866663963303662376432363738633533666438326238316433
39613962376231656264623863396435376661396435333035653034313466623262386233393938
36383263613263636562393165323161636533323232376436363630666439306231316438623662
31386230386630383130643231383031646134623164396363373164663932363931336438343037
61376631643732396330363032343437626434366537346434386464383238313638643163376163
31326133313034313431396462303533323066396537616161643563393566383462643065363730
64346361303235393631323439646262303632346661616633646662363534383761323539663630
34316365646462313137313235386235383636633063326462333435663633363263653762633937
63623961343166383235373265626233323032653238643636363736653866663533613439633735
65353162616633323834616134333963396336653734306631366561616535663037623539303338
32313137333839356530303761316533343737313631333735373761626430386237313661343739
64386238376137613331313736323231613565636634356235613136656534373437326534656233
65633236383336393765376265313932383334356330623535383233316330303364303465396465
39333732356266333630643463663734373938326264613066386461383238353666616263336564
39323462396330373033356630656338353434316630366463636334663565306635373032376561
30616165383464343731623462316138333062613663646131303534383636393061363536363466
34636331643935346430616136336530333133636266346263366466306561373837363661613235
31316466353334663638643965663638633964313038643861643863663039353362383364353962
66616666346264613161353937623035666565363932333439326330356636626339613763383062
30646335326138663366393963396238663338626164313035303837616166373235633837613035
33336437616662313134393331373139303661653138636136653661353130613139643763653065
31616336633865663165616336623837646366353164653137313133303564356233616333333330
33366466383534643338343333396631373763393665343933623463393834636134396330383861
30306332323064646338353035366462363462373465663636363133366633323034393435333262
30316237323863336336613136663161386539326463633066356138356564663366363639333135
30386230383161333361393834646364343736393636666132653664343464343561636332323665
35386134326131396466643737376661373638363536663439626165383239366131303766396633
36346363333164306437313937663735336539363865353164353736663136373965343064633161
63386635633363613361363864306362393934383463323533363234366463633162376238663762
31376239313063336536656463313539383337396432343839353665346134616138666531363039
63653337633838306565623831313636653261663433613739333239646533633736393965303765
37313137623061353164316136353937656563396563633838653064643966356430653637666631
66666631303064393435306637633930623663376333636564373164393537373037333235393866
61316131343766336635303038616364643166346162343461386364313062323563656565653366
36643637666531663739663633353035393933613965313037383038643735363464306138343436
37333163386239616139613163353237306139373331343334323639313233646563613037663334
30313663656138373666306337333138383565386364313130626138363031333334643832663239
65313261636364383635326165353333643136636338303864333335383761306637313139343337
39323339323238376663393938383166613234363938643961626131383630633465643034613733
31333234616562363930353333656635343136373366363230663939343331383064313633363765
36306163656136313763666134353830373065343739366532316163343363616461323366313234
63313562333939306631613561313737656236333339303736353330633564646661313532616564
36623463623666653133613165323932386135666438356333353933363739306364633331643065
64656232656236623131313266343033656332643937316330353434376565666633303766626333
31666663663333623333336564666535313339653533363931376336646138363037326337663065
35386262333462333536363166376238343731386566613264376330313161343461646639336534
35333831633364343534623565313835396236386537333562393663316463366236626635306363
35366335396131666437366435326437666230303730373439353462643164363961313430316630
61366264636165393162646665386261386263613466663765323931346337613531393261623539
39623033313235363262366233376536323837613330343336656638313134613264386365333361
36366166653866363032653161396234623333613233346162336631336464363366666464633435
34656362316466313737363839623666313136343234353538376430666365343461306537633565
65333964633930363838386230346461343739356365636437626633326531656661316463663534
62376365323639393832666636303736643136626635356534303137396432613430383437386633
31393835373033646266663539366434663966656132366163336532303932326233326162616638
66353266666138646236636461646639626437326532383565383337353235363766
